1 2 1 3 0 3 0 2 -1 2 -1 1 -1 0 0 0 0 1 1 1 1 0 2 0
2 1 3 1 3 2 3 3 4 3 5 3 5 2 4 2 4 1 4 0 5 0 5 -1 6 -1 7 -1 8 -1 8 -2 7 -2 6 -2 6 -3
7 4 8 4 9 4 9 3 10 3 10 2 9 2 8 2 8 3 7 3 6 3 6 4 6 5 6 6 5 6 4 6 4 5 4 4 3 4
5 1 6 1 7 1 8 1 9 1 10 1 11 1 11 2 11 3 11 4 11 5 11 6 11 7 12 7 12 8 12 9
12 1 13 1 14 1 15 1 16 1 17 1 17 2 17 3 17 4 17 5 17 6 17 7 17 8
17 0 18 0 18 1 18 2 18 3 18 4 18 5 18 6 18 7 18 8 18 9 18 10 18 11 18 12 18 13 18 14 18 15
19 1 20 1 21 1 22 1 23 1 24 1
27 2 28 2 29 2 30 2 31 2 31 3 31 4 31 5 31 6 31 7 31 8 31 9
25 1 26 1 27 1 28 1
29 1 30 1 31 1 32 1 32 2 32 3 32 4 32 5 32 6 32 7 32 8
33 1 34 1 35 1 36 1 36 2 36 3 36 4 36 5 36 6 36 7 36 8 36 9 36 10
37 1 38 1 39 1
40 1 41 1 41 2 41 3 41 4 41 5 41 6 41 7 41 8 41 9 41 10 41 11 41 12 41 13 41 14
42 1 43 1
44 1 45 1
46 1 47 1 47 2 47 3 47 4 47 5 47 6 47 7 47 8 47 9 47 10 47 11
48 1 49 1 50 1 50 2 50 3 50 4 50 5 50 6 50 7 50 8 50 9
51 1 52 1 52 2 52 3 52 4 52 5 52 6 52 7 52 8 52 9
53 1 54 1 55 1 56 1 56 2 56 3 56 4 56 5 56 6 56 7 56 8
57 1 58 1 59 1 60 1 61 1 62 1 63 1
