0 0 1 0 2 0 2 1 3 1 3 2 2 2 1 2 1 1 0 1 -1 1 -1 2 -1 2 -1 2 -1 2 -1 2 -1 2 -1 2 -1 2 -1 2 -1 2 -1 2 -1 2 -1 2 -1 2 -1 2 -1 2 -1 2 -1 2 -1 2 -1 2 -1 2 -1 2 -1 2 -1 2 -1 2 -1 2 -1 2 -1 2 -1 2 -1 2 -1 2 -1 2 -1 2 -1 2 -1 2 -1 2 -1 2 -1 2 -1 2 -1 2 -1 2 -1 2 -1 2 -1 2 -1 2 -1 2 -1 2 -1 2 -1 2
1 3 2 3 3 3 4 3 5 3 5 2 4 2 4 1 5 1 5 0 6 0 7 0 8 0 9 0 10 0 10 1 10 2 9 2 9 1 8 1 7 1 6 1 6 1 6 1 6 1 6 1 6 1 6 1 6 1 6 1 6 1 6 1 6 1 6 1 6 1 6 1 6 1 6 1 6 1 6 1 6 1 6 1 6 1 6 1 6 1 6 1 6 1 6 1 6 1 6 1 6 1 6 1 6 1 6 1 6 1 6 1 6 1 6 1 6 1 6 1 6 1 6 1 6 1 6 1 6 1 6 1 6 1
11 1 11 2 11 3 11 4 12 4 13 4 14 4 14 3 13 3 13 2 13 1 13 0 13 -1 14 -1 15 -1 15 -2 15 -3 14 -3 14 -2 14 -2 14 -2 14 -2 14 -2 14 -2 14 -2 14 -2 14 -2 14 -2 14 -2 14 -2 14 -2 14 -2 14 -2 14 -2 14 -2 14 -2 14 -2 14 -2 14 -2 14 -2 14 -2 14 -2 14 -2 14 -2 14 -2 14 -2 14 -2 14 -2 14 -2 14 -2 14 -2 14 -2 14 -2 14 -2 14 -2 14 -2 14 -2 14 -2 14 -2 14 -2 14 -2 14 -2 14 -2 14 -2
15 1 16 1 16 2 16 3 16 4 16 5 16 6 16 7 15 7 15 6 15 5 15 4 15 3 15 2 14 2 14 1 14 0 14 0 14 0 14 0 14 0 14 0 14 0 14 0 14 0 14 0 14 0 14 0 14 0 14 0 14 0 14 0 14 0 14 0 14 0 14 0 14 0 14 0 14 0 14 0 14 0 14 0 14 0 14 0 14 0 14 0 14 0 14 0 14 0 14 0 14 0 14 0 14 0 14 0 14 0 14 0 14 0 14 0 14 0 14 0
17 1 17 2 17 3 17 4 17 5 17 6 17 7 17 8 18 8 19 8 19 9 20 9 20 8 20 7 19 7 19 7 19 7 19 7 19 7 19 7 19 7 19 7 19 7 19 7 19 7 19 7 19 7 19 7 19 7 19 7 19 7 19 7 19 7 19 7 19 7 19 7 19 7 19 7 19 7 19 7 19 7 19 7 19 7 19 7 19 7 19 7 19 7 19 7 19 7 19 7 19 7 19 7 19 7 19 7
18 1 19 1 20 1 21 1 22 1 22 2 22 3 22 4 22 5 22 6 22 7 22 8 22 9 22 10 22 11 21 11 21 12 22 12 23 12 23 13 23 14 23 14 23 14 23 14 23 14 23 14 23 14 23 14 23 14 23 14 23 14 23 14 23 14 23 14 23 14 23 14 23 14 23 14 23 14 23 14 23 14 23 14 23 14 23 14 23 14 23 14 23 14 23 14 23 14 23 14 23 14 23 14 23 14 23 14 23 14 23 14
23 1 24 1 24 2 24 3 24 4 24 5 24 6 24 6 24 6 24 6 24 6 24 6 24 6 24 6 24 6 24 6 24 6 24 6 24 6 24 6 24 6 24 6 24 6 24 6 24 6 24 6 24 6 24 6 24 6 24 6 24 6 24 6 24 6 24 6 24 6 24 6 24 6 24 6 24 6
6 2 7 2 8 2 8 3 9 3 10 3 10 4 10 5 11 5 12 5 13 5 14 5 14 6 14 7 14 8 15 8 16 8 16 9 17 9 18 9 18 10 19 10 20 10 20 11 20 12 20 13 20 14 20 15 20 16 21 16 22 16 22 16 22 16 22 16 22 16 22 16 22 16 22 16 22 16 22 16 22 16 22 16 22 16 22 16 22 16
25 1 26 1 27 1 28 1 29 1 30 1 30 2 30 3 30 4 30 4 30 4 30 4 30 4 30 4 30 4 30 4 30 4 30 4 30 4 30 4 30 4 30 4 30 4 30 4 30 4 30 4 30 4 30 4 30 4 30 4 30 4 30 4 30 4 30 4 30 4
31 1 31 2 31 3 31 4 31 5 31 6 31 7 31 8 31 9 31 10 31 11 31 12 31 12 31 12 31 12 31 12 31 12 31 12 31 12 31 12 31 12 31 12 31 12 31 12 31 12 31 12 31 12 31 12 31 12 31 12 31 12 31 12 31 12 31 12 31 12 31 12 31 12 31 12 31 12
25 2 26 2 27 2 28 2 29 2 29 3 29 4 29 5 30 5 30 6 30 7 30 8 30 9 30 10 30 11 30 12 30 13 30 14 30 15 30 16 30 17 30 18 30 19 30 19 30 19 30 19 30 19 30 19 30 19 30 19 30 19 30 19 30 19 30 19 30 19 30 19 30 19 30 19 30 19
32 1 33 1 34 1 35 1 36 1 36 2 36 3 36 4 36 4 36 4 36 4 36 4 36 4 36 4 36 4 36 4 36 4 36 4 36 4 36 4 36 4 36 4 36 4 36 4 36 4 36 4 36 4
25 3 26 3 27 3 28 3 28 4 28 5 28 6 29 6 29 7 29 8 29 9 29 10 29 11 29 12 29 13 29 14 29 15 29 16 29 17 29 18 29 19 29 20 29 21 29 22 29 23 30 23 30 24 30 25 30 25 30 25 30 25 30 25 30 25 30 25 30 25 30 25 30 25 30 25 30 25 30 25
37 1 38 1 39 1 40 1 41 1 42 1 43 1 44 1 45 1 46 1 46 2 46 2 46 2 46 2 46 2 46 2 46 2 46 2 46 2 46 2 46 2 46 2 46 2 46 2
47 1 48 1 48 2 48 2 48 2 48 2 48 2 48 2 48 2 48 2 48 2 48 2 48 2 48 2 48 2 48 2 48 2 48 2 48 2 48 2 48 2 48 2 48 2
49 1 49 2 49 3 49 4 49 5 49 6 49 7 49 8 49 9 49 10 49 11 49 12 49 12 49 12 49 12 49 12 49 12 49 12 49 12 49 12 49 12 49 12 49 12 49 12 49 12 49 12 49 12 49 12 49 12 49 12 49 12 49 12
50 1 51 1 52 1 53 1 54 1 55 1 55 2 55 3 55 4 55 5 55 6 55 7 55 8 55 9 55 10 55 11 55 11 55 11 55 11 55 11 55 11 55 11 55 11 55 11 55 11 55 11
56 1 57 1 57 2 57 3 57 4 57 5 57 6 57 7 57 8 57 9 57 10 57 10 57 10 57 10 57 10 57 10 57 10 57 10 57 10 57 10 57 10
58 1 58 2 58 3 58 4 58 5 58 6 58 7 58 8 58 9 58 10 58 11 58 11 58 11 58 11 58 11 58 11 58 11 58 11
56 2 56 3 56 4 56 5 56 6 56 7 56 8 56 9 56 10 56 11 57 11 57 12 57 12
