0 0 1 0 2 0 3 0 4 0 0 1 1 1 2 1 3 1 4 1 0 2 1 2 2 2 3 2 4 2 0 3 1 3 2 3
5 0 6 0 7 0 8 0 9 0 5 1 6 1 7 1 8 1 9 1 5 2 6 2
10 0 11 0 12 0 13 0 14 0 10 1 11 1 12 1 13 1 14 1 10 2 11 2 12 2 13 2 14 2
15 0 16 0 17 0 18 0 19 0 15 1 16 1 17 1 18 1 19 1 15 2 16 2 17 2 18 2
20 0 21 0 22 0 23 0 24 0 20 1 21 1
25 0 26 0
30 0 31 0 32 0 33 0 34 0 30 1 31 1 32 1 33 1 34 1 30 2 31 2 32 2 33 2 34 2 30 3 31 3 32 3 33 3 34 3
35 0 36 0 37 0 38 0 39 0 35 1
40 0 41 0 42 0 43 0 44 0 40 1 41 1 42 1 43 1 44 1 40 2 41 2 42 2
45 0 46 0 47 0 48 0 49 0 45 1 46 1
50 0 51 0 52 0 53 0 54 0 50 1 51 1 52 1 53 1 54 1 50 2 51 2 52 2 53 2 54 2 50 3 51 3 52 3
55 0 56 0 57 0 58 0 59 0 55 1 56 1 57 1 58 1
60 0 61 0 62 0 63 0 64 0 60 1 61 1
65 0 66 0 67 0 68 0 69 0 65 1 66 1 67 1 68 1
70 0 71 0 72 0 73 0 74 0 70 1 71 1 72 1
0 4 1 4 2 4 3 4 4 4 0 5 1 5 2 5 3 5 4 5
5 4 6 4
10 4 11 4 12 4 13 4 14 4 10 5 11 5 12 5 13 5
15 4 16 4 17 4 18 4 19 4 15 5 16 5 17 5 18 5 19 5 15 6 16 6 17 6 18 6 19 6 15 7 16 7 17 7 18 7
20 4 21 4 22 4 23 4 24 4 20 5 21 5 22 5 23 5 24 5 20 6 21 6 22 6 23 6
25 4 26 4 27 4 28 4 29 4 25 5 26 5 27 5 28 5 29 5 25 6 26 6 27 6 28 6
30 4 31 4 32 4 33 4 34 4 30 5 31 5 32 5 33 5 34 5 30 6 31 6 32 6 33 6 34 6 30 7 31 7 32 7 33 7 34 7
35 4 36 4 37 4 38 4 39 4 35 5 36 5 37 5
40 4 41 4 42 4 43 4 44 4 40 5 41 5 42 5 43 5 44 5 40 6
45 4 46 4 47 4 48 4 49 4 45 5 46 5 47 5 48 5 49 5 45 6 46 6 47 6 48 6 49 6 45 7 46 7 47 7 48 7
50 4 51 4 52 4
55 4 56 4 57 4 58 4 59 4 55 5 56 5 57 5 58 5
60 4 61 4 62 4 63 4 64 4 60 5
65 4 66 4 67 4
70 4 71 4 72 4 73 4 74 4 70 5 71 5 72 5 73 5 74 5 70 6 71 6
0 8 1 8 2 8 3 8 4 8 0 9 1 9 2 9 3 9 4 9 0 10 1 10 2 10
5 8 6 8
10 8 11 8 12 8 13 8 14 8 10 9 11 9 12 9 13 9 14 9
15 8 16 8 17 8 18 8 19 8 15 9 16 9 17 9 18 9 19 9 15 10
20 8 21 8 22 8 23 8 24 8
25 8 26 8 27 8 28 8
30 8 31 8 32 8 33 8 34 8 30 9 31 9
35 8 36 8 37 8 38 8 39 8 35 9 36 9 37 9 38 9 39 9 35 10 36 10 37 10 38 10 39 10 35 11 36 11
40 8 41 8 42 8 43 8 44 8 40 9 41 9 42 9 43 9 44 9 40 10 41 10 42 10 43 10 44 10
45 8 46 8 47 8 48 8 49 8 45 9 46 9 47 9 48 9 49 9 45 10 46 10 47 10 48 10 49 10 45 11 46 11 47 11 48 11
50 8 51 8 52 8 53 8 54 8 50 9 51 9 52 9 53 9 54 9 50 10 51 10 52 10 53 10
55 40 56 40
60 8 61 8 62 8
65 8 66 8 67 8 68 8 69 8 65 9 66 9 67 9 68 9 69 9 65 10 66 10 67 10 68 10 69 10 65 11 66 11
70 8 71 8 72 8 73 8 74 8 70 9 71 9 72 9
15 16 16 16 17 16
5 12 6 12 7 12 8 12 9 12 5 13 6 13 7 13 8 13 9 13 5 14
10 12 11 12 12 12 13 12 14 12 10 13
50 16 51 16 52 16 53 16 54 16 50 17 51 17 52 17 53 17 54 17 50 18 51 18 52 18 53 18 54 18 50 19 51 19
20 12 21 12 22 12 23 12 24 12 20 13 21 13 22 13 23 13 24 13
25 12 26 12 27 12 28 12 29 12 25 13 26 13 27 13 28 13
30 12 31 12 32 12 33 12 34 12 30 13 31 13 32 13 33 13 34 13 30 14
35 12 36 12 37 12 38 12 39 12 35 13 36 13 37 13 38 13 39 13 35 14 36 14 37 14 38 14 39 14 35 15 36 15 37 15
40 12 41 12 42 12 43 12 44 12 40 13 41 13 42 13 43 13 44 13 40 14 41 14 42 14 43 14 44 14 40 15 41 15 42 15 43 15
45 12 46 12 47 12 48 12 49 12 45 13 46 13 47 13 48 13 49 13 45 14 46 14 47 14 48 14 49 14 45 15 46 15
50 12 51 12 52 12 53 12 54 12 50 13 51 13 52 13 53 13
55 12 56 12 57 12 58 12 59 12 55 13 56 13 57 13 58 13 59 13 55 14 56 14 57 14 58 14 59 14 55 15 56 15 57 15
60 12 61 12 62 12 63 12 64 12 60 13 61 13 62 13 63 13 64 13 60 14 61 14 62 14 63 14 64 14 60 15
65 12 66 12 67 12 68 12 69 12 65 13 66 13 67 13 68 13 69 13 65 14
70 12 71 12 72 12 73 12 74 12 70 13 71 13 72 13 73 13 74 13 70 14
0 16 1 16 2 16 3 16 4 16 0 17 1 17 2 17 3 17 4 17 0 18 1 18 2 18 3 18 4 18 0 19 1 19
5 16 6 16 7 16 8 16 9 16 5 17 6 17 7 17 8 17 9 17 5 18 6 18 7 18 8 18 9 18 5 19 6 19
10 16 11 16 12 16 13 16 14 16 10 17 11 17 12 17 13 17 14 17 10 18 11 18 12 18 13 18 14 18 10 19 11 19 12 19 13 19 14 19
0 12 1 12 2 12 3 12 4 12 0 13 1 13 2 13 3 13 4 13 0 14 1 14 2 14 3 14 4 14 0 15 1 15 2 15
20 16 21 16 22 16 23 16 24 16 20 17 21 17 22 17 23 17 24 17 20 18
35 28 36 28 37 28 38 28 39 28 35 29 36 29 37 29
30 16 31 16 32 16 33 16 34 16 30 17 31 17 32 17 33 17 34 17 30 18 31 18
35 16 36 16 37 16 38 16 39 16 35 17 36 17 37 17 38 17 39 17
40 16 41 16 42 16 43 16 44 16 40 17 41 17 42 17 43 17 44 17
45 16 46 16 47 16 48 16 49 16 45 17 46 17 47 17 48 17 49 17 45 18 46 18 47 18 48 18 49 18 45 19
15 12 16 12 17 12 18 12 19 12 15 13 16 13 17 13 18 13 19 13 15 14 16 14
55 16 56 16 57 16 58 16 59 16 55 17 56 17 57 17 58 17 59 17 55 18 56 18 57 18 58 18 59 18 55 19 56 19
60 16 61 16 62 16 63 16 64 16 60 17 61 17 62 17 63 17 64 17 60 18 61 18 62 18 63 18 64 18 60 19 61 19 62 19
65 16 66 16 67 16 68 16
70 16 71 16 72 16
0 20 1 20 2 20 3 20
5 20 6 20 7 20 8 20 9 20 5 21 6 21 7 21 8 21
5 44 6 44 7 44 8 44 9 44 5 45 6 45
15 20 16 20 17 20 18 20 19 20 15 21 16 21 17 21 18 21 19 21 15 22 16 22 17 22 18 22
20 20 21 20 22 20 23 20 24 20 20 21 21 21 22 21 23 21 24 21 20 22 21 22 22 22 23 22
25 20 26 20 27 20 28 20 29 20 25 21 26 21 27 21 28 21 29 21
30 20 31 20 32 20
35 20 36 20 37 20 38 20 39 20 35 21
40 20 41 20 42 20 43 20 44 20 40 21 41 21 42 21 43 21 44 21 40 22 41 22 42 22 43 22 44 22 40 23
45 20 46 20 47 20 48 20 49 20 45 21 46 21 47 21 48 21 49 21 45 22 46 22
50 20 51 20 52 20 53 20 54 20 50 21 51 21 52 21 53 21 54 21 50 22 51 22 52 22 53 22 54 22 50 23
55 20 56 20 57 20 58 20 59 20 55 21 56 21
60 20 61 20 62 20 63 20 64 20
65 20 66 20 67 20 68 20 69 20 65 21 66 21 67 21 68 21 69 21 65 22 66 22 67 22 68 22 69 22
70 20 71 20 72 20 73 20 74 20 70 21 71 21 72 21 73 21 74 21 70 22 71 22 72 22 73 22 74 22 70 23 71 23
0 24 1 24 2 24 3 24 4 24 0 25 1 25 2 25 3 25 4 25
5 24 6 24
10 24 11 24 12 24 13 24
15 24 16 24 17 24 18 24 19 24 15 25
20 24 21 24 22 24 23 24 24 24 20 25 21 25 22 25 23 25 24 25 20 26 21 26 22 26 23 26 24 26 20 27 21 27 22 27 23 27
25 24 26 24 27 24 28 24 29 24 25 25 26 25 27 25 28 25 29 25 25 26 26 26 27 26 28 26
30 24 31 24 32 24 33 24
35 24 36 24 37 24 38 24 39 24 35 25 36 25 37 25
40 24 41 24 42 24 43 24 44 24 40 25 41 25 42 25 43 25 44 25 40 26 41 26 42 26 43 26 44 26
45 24 46 24 47 24 48 24 49 24 45 25 46 25 47 25 48 25 49 25 45 26 46 26 47 26 48 26 49 26 45 27
50 24 51 24
55 24 56 24 57 24 58 24 59 24 55 25 56 25 57 25 58 25 59 25 55 26 56 26 57 26 58 26 59 26 55 27 56 27 57 27
60 24 61 24 62 24 63 24 64 24 60 25 61 25 62 25 63 25 64 25 60 26 61 26
65 24 66 24 67 24
70 24 71 24 72 24 73 24 74 24
0 28 1 28 2 28 3 28 4 28 0 29 1 29 2 29 3 29 4 29 0 30 1 30 2 30 3 30 4 30 0 31 1 31 2 31 3 31 4 31
5 28 6 28 7 28 8 28 9 28 5 29 6 29 7 29 8 29 9 29 5 30
10 28 11 28 12 28 13 28 14 28
40 40 41 40 42 40 43 40 44 40 40 41
20 28 21 28 22 28 23 28 24 28 20 29 21 29 22 29 23 29 24 29 20 30 21 30 22 30 23 30 24 30 20 31 21 31 22 31 23 31
25 28 26 28 27 28
30 28 31 28 32 28 33 28 34 28 30 29 31 29 32 29 33 29 34 29 30 30 31 30 32 30 33 30 34 30
25 16 26 16 27 16 28 16 29 16 25 17 26 17 27 17 28 17 29 17 25 18 26 18
40 28 41 28 42 28 43 28 44 28 40 29
45 28 46 28 47 28 48 28 49 28 45 29
50 28 51 28 52 28 53 28 54 28 50 29 51 29 52 29 53 29 54 29 50 30 51 30
55 28 56 28 57 28 58 28 59 28 55 29 56 29 57 29 58 29 59 29 55 30 56 30 57 30 58 30 59 30 55 31 56 31 57 31 58 31
60 28 61 28 62 28 63 28 64 28 60 29 61 29 62 29 63 29 64 29 60 30 61 30 62 30 63 30 64 30 60 31 61 31 62 31 63 31
65 28 66 28 67 28 68 28 69 28 65 29 66 29
70 28 71 28 72 28 73 28 74 28 70 29 71 29 72 29 73 29 74 29 70 30
0 32 1 32 2 32 3 32 4 32 0 33 1 33 2 33 3 33 4 33 0 34 1 34 2 34 3 34 4 34 0 35 1 35 2 35
5 32 6 32 7 32 8 32 9 32 5 33 6 33 7 33
10 32 11 32 12 32 13 32 14 32 10 33 11 33 12 33 13 33 14 33 10 34 11 34 12 34 13 34 14 34 10 35
15 32 16 32 17 32 18 32 19 32 15 33 16 33 17 33 18 33 19 33 15 34 16 34 17 34 18 34 19 34 15 35 16 35 17 35 18 35
20 32 21 32 22 32 23 32 24 32 20 33 21 33 22 33 23 33 24 33 20 34 21 34 22 34 23 34 24 34
25 32 26 32 27 32 28 32 29 32
30 32 31 32 32 32 33 32 34 32 30 33 31 33 32 33 33 33 34 33 30 34 31 34 32 34 33 34 34 34 30 35 31 35
35 32 36 32 37 32 38 32 39 32 35 33 36 33 37 33 38 33 39 33 35 34 36 34 37 34 38 34
40 32 41 32 42 32 43 32 44 32 40 33 41 33 42 33 43 33 44 33 40 34 41 34 42 34 43 34 44 34 40 35
45 32 46 32 47 32 48 32 49 32 45 33 46 33 47 33 48 33 49 33 45 34 46 34 47 34 48 34 49 34 45 35 46 35 47 35
50 32 51 32 52 32 53 32 54 32 50 33 51 33
55 32 56 32 57 32 58 32 59 32 55 33 56 33 57 33 58 33 59 33 55 34 56 34
60 32 61 32 62 32 63 32 64 32 60 33 61 33 62 33 63 33 64 33 60 34 61 34 62 34 63 34
65 32 66 32 67 32 68 32 69 32 65 33 66 33 67 33 68 33 69 33 65 34 66 34 67 34 68 34 69 34 65 35 66 35 67 35 68 35 69 35
70 32 71 32 72 32 73 32 74 32 70 33 71 33 72 33
0 36 1 36 2 36 3 36 4 36 0 37 1 37 2 37 3 37 4 37 0 38 1 38 2 38 3 38 4 38 0 39 1 39 2 39 3 39
5 36 6 36 7 36 8 36 9 36 5 37 6 37 7 37 8 37 9 37 5 38 6 38 7 38 8 38
10 36 11 36 12 36 13 36 14 36 10 37 11 37 12 37 13 37 14 37 10 38 11 38 12 38 13 38
15 36 16 36 17 36 18 36 19 36 15 37 16 37 17 37 18 37 19 37 15 38 16 38 17 38 18 38 19 38
20 36 21 36 22 36 23 36 24 36 20 37 21 37 22 37 23 37 24 37 20 38 21 38
25 36 26 36 27 36 28 36 29 36 25 37
30 36 31 36 32 36
35 36 36 36
40 36 41 36 42 36 43 36 44 36 40 37 41 37 42 37
45 36 46 36 47 36 48 36 49 36 45 37 46 37 47 37 48 37 49 37 45 38 46 38 47 38 48 38 49 38 45 39 46 39
50 36 51 36 52 36 53 36 54 36 50 37 51 37 52 37 53 37 54 37 50 38 51 38 52 38 53 38 54 38
55 36 56 36 57 36 58 36 59 36 55 37 56 37 57 37 58 37 59 37 55 38 56 38 57 38 58 38 59 38
60 36 61 36 62 36 63 36 64 36 60 37 61 37 62 37 63 37 64 37 60 38 61 38 62 38 63 38 64 38 60 39 61 39
65 36 66 36 67 36 68 36 69 36 65 37 66 37 67 37 68 37 69 37 65 38 66 38 67 38 68 38
70 36 71 36 72 36 73 36 74 36
0 40 1 40 2 40 3 40 4 40 0 41 1 41
5 40 6 40 7 40 8 40
10 40 11 40 12 40 13 40 14 40 10 41 11 41 12 41 13 41 14 41 10 42 11 42 12 42 13 42
15 40 16 40 17 40 18 40 19 40
20 40 21 40 22 40 23 40 24 40 20 41 21 41 22 41 23 41 24 41 20 42
25 40 26 40 27 40
30 40 31 40 32 40 33 40 34 40 30 41 31 41 32 41 33 41 34 41 30 42 31 42 32 42 33 42 34 42 30 43 31 43 32 43
35 40 36 40 37 40 38 40 39 40 35 41 36 41 37 41 38 41 39 41 35 42 36 42 37 42 38 42 39 42 35 43
15 28 16 28 17 28 18 28 19 28 15 29 16 29 17 29 18 29 19 29 15 30 16 30 17 30 18 30 19 30 15 31
45 40 46 40 47 40 48 40 49 40
50 40 51 40 52 40
55 8 56 8
60 40 61 40 62 40
65 40 66 40 67 40 68 40 69 40 65 41 66 41
50 44 51 44 52 44 53 44
0 44 1 44 2 44 3 44 4 44 0 45
10 20 11 20 12 20 13 20 14 20 10 21 11 21 12 21 13 21 14 21 10 22 11 22 12 22 13 22 14 22 10 23 11 23 12 23 13 23 14 23
10 44 11 44 12 44 13 44 14 44 10 45 11 45 12 45 13 45 14 45
15 44 16 44 17 44 18 44 19 44 15 45 16 45 17 45 18 45 19 45 15 46 16 46 17 46 18 46 19 46 15 47 16 47
20 44 21 44 22 44 23 44 24 44 20 45
25 44 26 44 27 44 28 44 29 44 25 45 26 45 27 45 28 45 29 45 25 46 26 46 27 46 28 46 29 46 25 47 26 47 27 47
30 44 31 44 32 44 33 44 34 44 30 45 31 45 32 45
35 44 36 44 37 44 38 44 39 44 35 45 36 45 37 45 38 45 39 45 35 46 36 46 37 46 38 46 39 46 35 47 36 47 37 47 38 47
40 44 41 44 42 44 43 44 44 44 40 45 41 45
45 44 46 44 47 44 48 44 49 44
70 40 71 40 72 40 73 40 74 40 70 41 71 41 72 41 73 41 74 41 70 42 71 42 72 42 73 42 74 42 70 43 71 43 72 43 73 43 74 43
55 44 56 44 57 44 58 44 59 44 55 45 56 45 57 45 58 45 59 45
60 44 61 44 62 44
65 44 66 44 67 44 68 44 69 44 65 45 66 45 67 45 68 45 69 45 65 46
70 44 71 44
0 48 1 48 2 48 3 48 4 48
5 48 6 48
10 48 11 48 12 48 13 48 14 48 10 49 11 49 12 49
15 48 16 48 17 48 18 48
20 48 21 48 22 48 23 48 24 48 20 49 21 49 22 49 23 49
25 48 26 48
30 48 31 48 32 48 33 48 34 48
35 48 36 48 37 48 38 48 39 48 35 49 36 49 37 49 38 49 39 49 35 50 36 50
40 48 41 48 42 48 43 48 44 48 40 49 41 49 42 49 43 49 44 49 40 50 41 50
45 48 46 48 47 48 48 48 49 48 45 49 46 49
50 48 51 48 52 48 53 48 54 48 50 49 51 49 52 49 53 49 54 49 50 50 51 50
55 48 56 48 57 48 58 48 59 48 55 49 56 49 57 49 58 49 59 49 55 50 56 50 57 50 58 50 59 50
60 48 61 48 62 48 63 48 64 48 60 49 61 49 62 49 63 49 64 49 60 50 61 50 62 50
65 48 66 48 67 48 68 48 69 48 65 49 66 49 67 49 68 49 69 49 65 50 66 50 67 50 68 50 69 50
70 48 71 48 72 48 73 48 74 48 70 49 71 49 72 49 73 49 74 49
0 52 1 52 2 52 3 52 4 52 0 53 1 53 2 53 3 53 4 53 0 54 1 54 2 54 3 54 4 54 0 55 1 55 2 55 3 55
5 52 6 52 7 52 8 52 9 52 5 53 6 53 7 53 8 53
10 52 11 52
15 52 16 52 17 52 18 52 19 52 15 53 16 53 17 53 18 53 19 53 15 54 16 54 17 54 18 54 19 54
20 52 21 52 22 52 23 52 24 52 20 53 21 53 22 53
